Time,Money-In,Money-Out,Balance,Txid,Block,input_n,output_n
2017-05-25,0.59640685,,0.59640685,c74c02daf680983c7f8b039e3027ef09a1bbad91ff602e095187f1405de8dd8a,468076,2,1
2017-05-25,0.6884235,,1.28483035,3d4fd5e4bb9405bd1bc1f0e2bf6430b4155dc2f47e1f6da7512b18f46ee4d950,468088,2,1
2017-05-26,,0.6884235,0.59640685,0a61eaa5e6d035edb6825b3c366293e2a60294f81a7e7bf094b51d233d31ee0c,468267,41,65
2017-05-26,,0.59640685,0.0,f95e7d86aee5de650ecda8f37555a6118dae82cfa3ad551e35fb4d95cbdd1609,468272,41,130
2017-05-27,1.59321042,,1.59321042,100d8642cf7b89cd51a06a0950aaf1b3734404c8c479e1318371b021ce524be2,468387,2,1
2017-05-27,,1.59321042,0.0,c0095e0907d7743adcdae57bec3e80fe52c6fed96b87c14d1af8789b925affa9,468394,17,140
2017-06-01,,0.053115,-0.053115,ac41ea65292974076d21af5904c49de6f019d9f91458ce3f063bdf3446f1a3a3,469158,4,101
2017-06-01,,0.062605,-0.11572,d1ac6125ae7987df6fe0f84f4026e9e9d53cedddc980fd3c0d9d20822a6c0246,469171,2,101
2017-06-01,,0.105571,-0.221291,6c3170276cd2397acd9c3d876333273aa335969952a26ef12a0ea967f50918c1,469202,8,101
2017-06-16,0.27149661,,0.05020561,d53b8eccfde44ae200ac5761b698c0313f8dd038e35146067af05bc9eae61b85,471482,2,4
2017-06-16,,0.27149661,-0.221291,069864c3ea44ccae985b8c2653077d8a039ae2979e4cf0813d1ada6da3ffe716,471487,6,101
2017-06-26,0.04503168,,-0.17625932,dc8413eccccbebf05730d81bfe28102e4b7d9c8e0fb9390031db4483fde472ac,473004,1,1
2017-06-26,0.04731709,,-0.12894223,dd9964cc24f7f94ea6a99335a435eb5596a141403cdc6054ab6878e052f52ebb,473004,1,1
2017-06-26,,0.04731709,-0.17625932,4366bd13f9cf4aa01b55336401a8a59b3a046d9ef5f95b68e2846d985da2260a,473006,43,101
2017-06-27,0.01873384,,-0.15752548,915d47403fe1a1949af4f72b99fff86a0c3c350d58dd0f4534f4c8c3c79ad709,473047,1,1
2017-06-27,,0.01873384,-0.17625932,26852d9c79ea46a495334d22e5d763fbb9f3a9a00fabdcd8397163b340b70e26,473049,15,101
2017-06-28,0.01641337,,-0.15984595,9eec3bee4651e463a542b7e39de35e54a5c7dbd4a2eb05c194a5092b84337c0f,473199,1,1
2017-06-28,,0.01641337,-0.17625932,ce0d5db97eb1ea431ec8775c4afb281e97395dbd4985aaa2e5e54d395946a3a2,473201,31,101
2017-07-04,3.828645,,3.65238568,5ceb7335f251029a9fe19c63cf213b2a9befcce739d161cfb37d16720ec48082,474137,2,1
2017-07-04,,3.828645,-0.17625932,0b9e3016de32d9231962a2fc0186ff5b4fdd00ec2d4d8a1d3811fc8dc135f4e7,474140,27,101
2017-07-31,0.92178257,,0.74552325,d60682635cce8fa7cd4b6f9d9d4dc351cc780d49991071c309b89d1f6a532670,478325,2,1
2017-07-31,3.66238702,,4.40791027,aa39daa8079a8aee0b1ee1267e32559b6bac683d0da0d0b8cd334507e9aceb48,478327,1,1
2017-07-31,,0.92178257,3.4861277,bf37d485b98414ce1c77a4f34cd5d0a16677157a1fa4066f2352fd0c91894fae,478328,24,101
2017-07-31,,3.66238702,-0.17625932,55ae78fd047ffb9758757f8a73e17bdf83894c35d65fd0549aee881edd4cdbe9,478346,11,100
2017-08-26,4.73634786,,4.56008854,da8371228a70cab1f05ea9d53e95d570c84fd87310be4638d6c16114aef0df9a,482055,2,1
2017-08-26,,4.73634786,-0.17625932,5435957dd925e849f99793e3de9b631859df16687c9358c28247246c94d4594a,482060,20,101
2017-09-28,1.78119367,,1.60493435,5e627b4898e47fed0be49c7990f7c04a096ded9731c3b9243065091c73301151,487304,2,1
2017-09-28,,1.78119367,-0.17625932,68f58801216e0619d941b8d8e22a9d35a87d97fbfad94f15a913c50408e0124d,487308,78,101
2017-12-09,0.43326541,,0.25700609,bd2bfdfa9c50a3e4dcd44c00875b92d89491574271aefa0265fe4580495bf2f0,498447,2,1
2017-12-13,1.57958626,,1.83659235,b8866ce70a3f040ac2ba0a6281217295618bb2ee77300cadca9d095d64dcd550,499090,2,1
2017-12-14,,1.57958626,0.25700609,008b6072c9ded0f21c96e8a81631c38f4cccd7acf19ec02f4c754b73f28c3faa,499148,75,185
2017-12-14,1.66399945,,1.92100554,71ce64b29611f020ea264602a5ac27e654af22a3b6c3a0bad7d563856c168ad8,499170,2,1
2017-12-14,0.46246534,,2.38347088,d93c1ad6b79e76510e9178e0235cf15e10209ec8367761be1d63316f268dd83b,499182,2,14
2017-12-14,0.19158226,,2.57505314,eab73b3b1ff3bc5749e98f2e0d6e8b8dd60fa4c371b4e8d04bd5226d9e1f7d19,499189,2,1
2017-12-14,,1.66399945,0.91105369,2b9c59d7c60bd89ee6a817ba78623bc3e0a470d4a62492da1e11ba183ae54a1c,499194,94,440
2017-12-14,0.37,,1.28105369,0868a99b1606aab1fdec49a1c9a8afd3039ad4a507000f7c7aaf52b33bbc2fd8,499196,2,1
2017-12-14,1.72273263,,3.00378632,726839925d59f702a43756de1e44377e427a6355c54cbea7194f249206bc4b08,499202,2,1
2017-12-14,,1.72273263,1.28105369,5a5867676bb3faf81e1334c5e9d5abd4476783a773d764a1b264eb78e7f59523,499225,120,272
2017-12-18,1.61520707,,2.89626076,5bc4a1851964ae7bee40ec5d7afa3398dc6ec2c273628016c968435ab23060cc,499898,10,1
2017-12-18,0.13477366,,3.03103442,b22e071a4beb3c2c57de4909767890872ac3ab57f5519a72603e09b91476f7f5,499903,82,3
2017-12-18,,0.13477366,2.89626076,7dbc23f97cb0994266cfd88b6f590aa6e5beb64d3fc524b9206f68599cf40c1b,499906,91,201
2017-12-18,,0.19158226,2.7046785,b83d939bbe05fc4681a1248318cee2835bb4f783812172621ee380d06e87e397,499911,122,204
2017-12-18,,1.61520707,1.08947143,f387218e1f6a885b8b872da1ee9aa86deb5587df48f0d03aab62285672ca77b1,499980,251,313
2017-12-19,0.03076319,,1.12023462,f267ca3ccda2e6f99c1c97e8b6fa72a6a3329e33328806f2dfd7ab045130c5cc,500162,2,1
2017-12-19,,0.03076319,1.08947143,2eeb83bd0bf58c5b95c1d4cc6da052f5e6ea2b14ab81aa37548d6e446ae0f040,500164,183,205
2017-12-26,,0.37,0.71947143,f6ee63625e7d97430e6fda153ae9384664c52d4e0a8e823a2a9e7eccfc3dcc55,501111,47,201
2017-12-27,,0.43326541,0.28620602,f899d339f0870ef74546d126a55e10608eb34c6451dfc9b0bac83dded52adf42,501198,58,201
2017-12-27,,0.46246534,-0.17625932,63700ed908f5002e5a2f96d898fc379a257e9c8fb23ba8e1b988489b226cad05,501229,161,201
