Time,Money-In,Money-Out,Balance,Txid,Block,input_n,output_n
2017-04-25,1.2,,1.2,63a41457d0935bb66e832b8e2cb1d5f166a5ccac6941a57e2e63409968ed7178,463482,2,2
2017-04-25,,1.5,-0.3,bbedf352e284dbbb935a22707e3f46314f90da707f31f4611e68ea907db820d1,463483,1,101
2017-04-25,2.0,,1.7,6238c77e917f32a1412ea3547ff180165211390dda2ec3db3df979f36656181b,463485,2,2
2017-04-25,1.0,,2.7,28dad28dab1a4b22f10f7704cd697109accb64ea7933340b832586f32b984de0,463486,2,1
2017-04-25,,2.0,0.7,ea8c92552d51085561dbdb389401ddafbc47a6a375217b7db20db9381f17f9f1,463486,1,101
2017-04-26,,1.0,-0.3,ab256eafe8a38d4f2c90584f10530de67a040ec7d020a4c4efeaf593359d7309,463490,1,101
2017-04-26,3.0,,2.7,fe96ae749a89bd15d3b852f59b77a76a4d51e36bd9a04b8c1d9a81828d050655,463490,2,3
2017-04-26,3.0,,5.7,70840a9c3ef294dc2c7a7fb1af00fd11980020ba68ba0e05792bea1374357daa,463494,2,3
2017-04-26,,3.0,2.7,5cf7f0c25af4bcc247679b903d810a7bd436aef5c509d3d43b86363f3e1a8b46,463494,1,101
2017-04-26,1.5,,4.2,0911a7308ad3fd8e19fe62640eb3ab14ea6dc5c350cb3659c5f39a979c37939e,463494,2,5
2017-04-26,,3.0,1.2,621ac9e6f3e3df03c3a0de0bf3d71a1d028aa7630966ab84723fc1ccaa99c33f,463499,1,101
2017-05-10,1.3,,2.5,39a4ef11da024074702e1baaf645928197d7c2ce6c86f802f41d82989fe902b1,466311,2,3
2017-05-10,1.6,,4.1,63a0ab6a353dba6e43d769856a89864180d48edc826d133c7f3e736dc06cbed1,465778,2,2
2017-05-10,0.6,,4.7,5335316166b926944d8aa5ffd6d47bb8cab635076d14d2e59d20494ecd07c965,465778,2,2
2017-05-10,,0.6,4.1,6a3a782895f12775ffe543a16798804f68b81b3b3c36f0a1bdd1fc11b5ae3f86,465781,1,101
2017-05-10,,1.6,2.5,2c916f8c2132a60f92d78ac127a4a684e8a902006e36db80847823d88f46e56d,465783,1,101
2017-05-10,2.56,,5.06,ee54c464b9ceececc41347b93038997c5b9a5e28783d55f8d5c80d45f188af2e,465787,2,9
2017-05-10,,2.56,2.5,4e96736bbfab58c5203822c686315d2dfa4cdd6050ae13a5d260b4b427f1653f,465788,1,101
2017-05-14,,1.3,1.2,88ea9218846df7205c6db19db2b380a2c924360fd92daba3f74a9d7961c8cd9d,466313,1,101
2017-05-25,,1.65,-0.45,c2528d20662dae233bd2055fe4e87ed73479c263876556d082efb1ef5aef2b62,468054,18,100
2017-05-25,0.8,,0.35,130b95a58b519477aa185d3695a20f58b73b2ed5479534cdd120d9258ed0c5a8,468095,2,2
2017-05-25,0.58,,0.93,c040e6e9eef9d2166a22216468053fd61180437ac54ca191fc0348283ac3348c,468100,2,3
2017-05-26,,0.8,0.13,413099b9c3e25e195900b78c9e999246cdc397aaf210b324c2793e485da5ff15,468263,33,111
2017-05-26,,0.58,-0.45,36d63f491a767c62613d1c918a210b28deb15587d8ee1ced8878b3e824a420c5,468273,41,50
2017-06-24,3.0,,2.55,8cbca4fb0dd2e94ee867ad3a85cddecf52de4e85699747642784edd5cd678e6a,472693,2,1
2017-06-24,,3.0,-0.45,db897cfa31663461fc6f76c55a1542fc15c8718aef187944d91e8546d13217eb,472697,14,101
2017-07-10,0.4229725,,-0.0270275,b3833100cee6956ab1c07811fd4c630e4faec37c308616987b3e239f35a538bc,475173,2,1
2017-07-10,3.33494,,3.3079125,530ebcd1bb846c98f52000dbb47cc8853787b8ab13b05788e90fd0614ce9e694,475173,2,3
2017-07-10,,3.33494,-0.0270275,dbcea66937192c073b3d512d89a2b061d642617866c6d26da428b87b93773de4,475175,7,101
2017-07-10,1.836315,,1.8092875,6e54404b5ca152caf27620b45b0e6a7db5995838f3603bce6a8892cf178408bb,475176,2,3
2017-07-10,3.077035,,4.8863225,dc56dd8d7e4025c60c8917c6c5aa10b48891ca5f634af39e364c60611511017b,475178,2,2
2017-07-10,,1.836315,3.0500075,8c78b36d0dc95b103d57e041ff1f699fdf6954097b5c457b7602d3aac219d4f9,475178,43,101
2017-07-10,,3.077035,-0.0270275,69bdd92214e1124c57b9fdc5a1c6e8e52c183f707d6e6afde4461cc0c4476c29,475182,8,100
2017-07-19,0.12472,,0.0976925,a5f18632276b3e318d3e72589f32fafcddf39f3e18ec4711577b1b8f50ae70d2,476564,2,1
2017-07-19,0.5,,0.5976925,52dc44afe6434dcf751ccd94762b407fec0c10590f6d39ff6526d7aed85828db,476564,2,2
2017-07-19,,0.12472,0.4729725,a726af7dd3257f966eb87d576838d4409f2cc94bd2cdb9152dc765be1940259c,476567,7,101
2017-07-19,,0.5,-0.0270275,0024a431d769550456adeca9c664931bc3342687d70c72cd94f39cd8882735ea,476567,26,101
2017-07-21,1.804753,,1.7777255,3d1fddd174cdeb6e220bc983f39d5ae0c3301a4e93756984f681a5647eb417a5,476776,2,1
2017-07-21,,1.804753,-0.0270275,a6811bbe6379ac7737ed3af22f9c05623924861adfe0b1fac8d90e19aacac181,476781,17,101
2017-07-30,0.0044048,,-0.0226227,2f7ca2b0d35d97a7f252e99348c910164aefdbb0cf34c4ab2aa2403c350d4b25,478200,2,1
2017-07-30,4.316704,,4.2940813,27e0e77ecbe44ce4b63c8aae70bb957fe9099da498c17a07d7ac409a0e2d0e14,478200,2,1
2017-07-30,,0.0044048,4.2896765,bbf8914556648067565e56fb3d71f90171a563d2fa27f29ac1d57376ef96e9e1,478207,20,101
2017-07-31,,4.316704,-0.0270275,9d1c34d39b7015fbfd0cdac584d3464d6da6487b1efc9c1a79c94f427a9b64c6,478358,30,101
2017-08-22,0.53,,0.5029725,13c6ed1d67569971e3c2366ba3c86bb1e55e34ee1a923d740a7c902928b651fb,481607,2,7
2017-08-22,,0.53,-0.0270275,c9aa893816911f44b839e08ab082f16eb0c9ef0b7ad3ef23f189f6b29c65eef6,481611,28,176
2017-09-20,1.5036012,,1.4765737,55ae9bad9b760356f1c60de4cd7f3f602e0ed4a53956ec2e769bd4ab83507eab,486113,2,2
2017-09-20,0.96710568,,2.44367938,a2dd507703fca4c528108faac665c8b1e6da304f025fab7a2f2253ce08aa09c3,486113,2,1
2017-09-20,,1.5036012,0.94007818,819bbe5a1e2bf0a8f28f75ff7bd4a2c900d19d3be20ea799d3358b4c85002880,486117,59,101
