Time,Money-In,Money-Out,Balance,Txid,Block,input_n,output_n
2017-06-01,,0.04143395,-0.04143395,f192d28ed7b33ed26bc6f825855be5504ff9c17b4211463fed09502fe75ab465,469162,18,101
2017-06-01,,0.07808373,-0.11951768,021fea8034256a6a55ed84a0b5bf731c1bec81751355ebdf30fcc3ae18cd6692,469182,5,101
2017-06-01,,0.10463765,-0.22415533,7f5434e78812c6ee822b87ea8ec4dd6568e45946e34021ca015d3e7c7d07fabe,469201,26,102
2017-06-02,,0.29889178,-0.52304711,6b8bf4aecc4819cc41fecad3ae82ef3119f6cf03d62d10ea502e75e19e348b36,469284,19,101
2017-06-02,,0.35715508,-0.88020219,3b7fa4597481ce90d873773317ca506b6d31936d6a08ae275ab90d89f10c70ce,469294,20,101
2017-06-02,,0.48232043,-1.36252262,c4e19ecf40cfe22480b9d7aef5973bf96708cfb9b552ab578e344e1a6b46c125,469299,2,100
2017-06-05,0.5,,-0.86252262,83152edb9e8b82be909fac4e4b290b3d0ce1f90ce81dd280fcb533539d972fba,469828,2,1
2017-06-05,0.2,,-0.66252262,40c0b454952bbff89314bc228db6810ae467db36613c8344bc403d84fc5be633,469828,2,1
2017-06-05,,0.5,-1.16252262,e56a7e51ea1d339ec67b3f24e6d29a99cd1d688c297fee2fdac9714f155278e7,469831,26,101
2017-06-07,0.145,,-1.01752262,be7747a59138ae8a35e71dc50c957e89358ab1756b7cf8b847f8c6e4a430b0a6,470177,1,2
2017-06-07,,0.145,-1.16252262,215ab4c1d45c6b8266b0eb23133de4dcc2ba1f37eda9c9296b01dfe02f7cd10a,470179,9,101
2017-06-08,0.0391,,-1.12342262,969d9bad41e7c15eabb64556b2d9bf1b806378fb282f1773b3cf93befc038b5b,470311,2,1
2017-06-08,,0.0391,-1.16252262,fd8043b666dfe67a353bf24b73acab6a84bac3eac6f22df3221682dc05d72a28,470313,48,101
2017-06-10,3.10653938,,1.94401676,209027df5fd2e5016b5384e970e8fbf9e571306986000c2eba323d0a3cfc3842,470564,1,1
2017-06-10,,3.10653938,-1.16252262,0bac675734ccdac1d1fd885d586e83f7705631d6ea8b62ebaf7404346c597b0e,470577,33,101
2017-06-10,0.23499796,,-0.92752466,21179e793b2bbe09b8d929b1d7645fe50c40dddccaf37ab8b550a973cb6de7e8,470582,1,1
2017-06-10,0.0285,,-0.89902466,b34d9f4907c17b5b2bdee18286912415faec02280b911e23fcd5354e070b48de,470582,1,1
2017-06-10,,0.23499796,-1.13402262,adb4370b085df57d606deaf4923522483ef41ecff4c86252bc5954af09788e63,470584,32,101
2017-06-12,1.1,,-0.03402262,20115de8c6e28fc193bd1cefa8b3b97a95aec567905e68c27e1034341583a401,470864,2,1
2017-06-12,,1.1,-1.13402262,621d677e39cfea63a722c9f24f25f6f667093186beadeaf797e394ce667046e0,470870,32,102
2017-06-16,0.04495743,,-1.08906519,3f02fe68a78bcfc51a40d302abe900978c8f505717bfeb62e56a46b8e446ecbd,471450,1,1
2017-06-16,,0.04495743,-1.13402262,ace2c3585a41ee09d0ae823f713cc39d3c15de45d06dd71785b8fa9f2280e6df,471454,31,101
2017-06-19,0.10621759,,-1.02780503,aafaa2cf7b00f6abbfcaf18194cf01c00e27ef77e9082b560955df1a2ac2f3ed,471905,1,1
2017-06-19,,0.10621759,-1.13402262,acb7d7ea6c9993fd5f6bac93ffb4a4afa20af468421c9dbb287dd1ef5711dd9d,471907,29,103
2017-06-22,0.23928949,,-0.89473313,3294accd47ae8fdd8a5ac9f94ecb33e5e56261db5618b06832d5921dd2164620,472332,1,2
2017-06-22,0.5774036,,-0.31732953,cd55e3fe1f36173fd2c1be03f47b7ceae23ebe02d0f0313cbf1e57d5ac3dfd6b,472336,1,1
2017-06-22,,0.23928949,-0.55661902,6b61858640d9bb1c996df33f842a44972e11c982b8384ca0881cca7e5d34cfb7,472336,27,101
2017-06-22,,0.5774036,-1.13402262,5eb19ddbf81e511509e6e27d924c3dd92fede2b0fbeff9958ea273f2c252be7f,472342,5,100
2017-06-24,0.08729636,,-1.04672626,b0ef81366e2e4333467c556f47dafbc157658c029e0d77d4cb2ca001a8b59b46,472621,2,1
2017-06-24,,0.08729636,-1.13402262,f4cdf295748dc31b40a1b865b269fc1ed84ebe10f4081c3acc1abaf0c0e95c6a,472623,31,101
2017-06-27,0.8,,-0.33402262,22542606a2d78762acae40554081a52181569db49ef10c25c1b002889e1c6463,473024,2,1
2017-06-27,,0.8,-1.13402262,f27d2c8e7de84f72099b8129d0b4ee3fb48ebc3928723e7aaaf09cc1adc8d56a,473026,7,101
2017-06-28,0.57012249,,-0.56390013,19a23949cdfe67448eaa6fc97189b1b2b2838614ca2e7b72637cd55aecc17d47,473277,1,1
2017-06-28,,0.57012249,-1.13402262,10dc349495ae5b817b001497c2c9a6a981a67849d85c65af90773f2286f5d973,473283,32,101
2017-07-11,0.5,,-0.63402262,5e99988953879f55f2f60e16e7d2c57450acab09bfbbce3f7173ac222b7485a9,475199,2,1
2017-07-11,,0.5,-1.13402262,5cdbc4f036c5e2637e48b4ba3a3fdfca1e45c578bf329d6b987693bbdf467e7c,475202,13,101
2017-07-11,1.02,,-0.11402262,7bfb2bd20a0bdaef96a166080ce4f4428d8311ead4c2d6a8a3c89ee376b375ae,475270,2,1
2017-07-11,,1.02,-1.13402262,5375f90f11c5d43dba0783447a65fafeabbf2f64a2a6c5293ec5bd59364eb2c7,475275,4,101
2017-07-11,0.62855813,,-0.50546449,c973879cd2e34fc215bc51d354e041d6c031bfd95974d5653e6d944c59aa95cd,475348,1,2
2017-07-11,,0.62855813,-1.13402262,693958420a3acf9fe9550b4e4a8d961459f8b4d8b35000cea82d0500083accea,475354,50,101
2017-07-12,0.2,,-0.93402262,fc964ed85278df719f0c52d630773f312902d53eac2c0170573bd673ce86bbd3,475489,2,1
2017-07-12,,0.2,-1.13402262,dac57235628676e62fc5d9eb06cc22a79cc1d4f3839435faa1b14f5d5eced90d,475492,36,101
2017-07-15,0.99953318,,-0.13448944,ca2327c50406275f7181898d96687cc633f2f9ad0a025e5bcbfd5d9c88f3677e,475919,1,1
2017-07-15,,0.99953318,-1.13402262,973feff845cd78b334d57ce555ae35b90e329efb99a2d1273c13be88a9fe0189,475921,15,101
2017-07-17,0.69957634,,-0.43444628,ae92d996bed740afeb22919370010731b9450dcd6bf638fdf56d64cf9eb1e5f9,476189,1,1
2017-07-17,,0.69957634,-1.13402262,3081467e02d935a737132b1be299fb920a5692c50bc9935c7cb082568452eee2,476193,12,101
2017-07-26,0.13,,-1.00402262,3a1706100b6b912c5067712bde84193f819b7a71e9724862aafc29f825abb11f,477622,2,1
2017-07-26,1.04964902,,0.0456264,3462285d816adbacb3da5f52f0b372f82817d96d9b7909bc8bec95955f0f9ce8,477623,1,1
2017-07-26,,0.13,-0.0843736,85658c63aa774ab96bf74bc40820d915a6cf1ed01c78936d4c7e920b4513b7c1,477628,22,101
2017-07-26,,1.04964902,-1.13402262,2ed797146043bfe311ed0c6ef1255ec40a08e34ad53941997b06aab8a1d06a4a,477633,32,102
