Time,Money-In,Money-Out,Balance,Txid,Block,input_n,output_n
2016-05-30,0.08805259,,0.08805259,e80d26c8a402f9dfc5cc4520e6af06cfc3f01354988db9a99cfeb111527da7df,414109,2,6
2016-05-31,,0.08805259,0.0,ec8b1419bedeb820a8a6cfd817304d63946b04e692c9bd8f01a2425bd9d7757b,414131,1,601
2016-06-01,2.0,,2.0,cec4ffa21d71ebe9ffa622402eea43e29aded7d76c8538d3411860e031c6c52e,414294,15,8
2016-06-02,,2.0,0.0,1a07596329c29668ba956afb778825351ec3868810a12672a3b845d4f5849ba0,414389,1,601
2016-06-02,1.5798,,1.5798,fd4a1ec334f5321b95d58ccbdf692be7ce04860f0c384942f73f1a2825dcb9e3,414511,2,1
2016-06-03,,1.5798,0.0,581e338d193f4b36657914909401d98aaa1e1e7a4ba526f5a5ab980429c87a5a,414651,1,601
2016-06-09,0.1518,,0.1518,b26abae996d8f93ebdea8b4921f49d8ad5aa618b98eb7620a96453b8c0259c50,415514,2,1
2016-06-09,0.3788,,0.5306,5b9a1e48ebe1453ae9d7ecc6bee2a2b2412fca7daa517a87852b7cb1c1b757b4,415535,2,1
2016-06-10,,0.3788,0.1518,6882dae458b5a40bae55fd03a90f17afcf41deb53e16a0719554ed4dcbe6eb31,415598,1,601
2016-06-23,0.1978,,0.3496,f051d4e572e637bd888e30928f67b0174c7c205a22d1b2473eb2de1d7d165af6,417565,2,3
2016-06-23,,0.1978,0.1518,305938d36366f7472705f96ae60dfad5eb2938793007f01b8bae25d03df06e70,417628,1,201
2016-07-23,0.6058,,0.7576,ca74d19f17f8798c49701232537d3ecb53e96cfd5e335a261c9b23412205aa30,421874,2,1
2016-07-23,0.8198,,1.5774,11884625ed0f2dba4759a33001d10db937eed9a62552d999a83113610d5521b2,421875,2,1
2016-07-23,,0.8198,0.7576,fb8c3d1c787cc64be161366e47605c034ffb3d74c6859d47945c91555376a80f,421878,1,201
2016-08-09,0.9398,,1.6974,6cc9f9668ea8525b24452e61d6a7a03c3bca66a12417f9937ea4316630ce151f,424383,2,1
2016-08-09,,0.9398,0.7576,30a0d3b2b5e0a6eb3db2c7d8adf6aadd56befa2d8997e48f8d8efcb95f5574ba,424442,1,201
2016-08-22,0.14457304,,0.90217304,fe94b3bced8459963590f4dcf3b6f23ed177dcbfe508b6cc62a201bd8b2742e8,426400,2,4
2016-08-23,,0.14457304,0.7576,b0f48acba7dfe2b3da3bef349416659f68d3a6d781bf8a6c1e2932219ecd44a5,426445,1,201
2016-09-29,0.16,,0.9176,72616948d3fd3e9db0d1fd8d13bd0dd0cb7f7c1e00fcaf16fa74afb573e379d0,432075,2,1
2016-09-29,,0.16,0.7576,e7bb44d04264ddfdcef0b431faeb4125bb0a87217b5ff085e5967686cec16b2f,432106,1,201
2016-09-30,0.77,,1.5276,bf6a7d3dd6cce0545084a98e7a73a502e8d3de6c6ea32e4943afead80684f012,432243,2,1
2016-09-30,,0.77,0.7576,7612337ff5c80b7742471619664f293edbd2d5bfb4a2db9e2f80e541503751cd,432252,1,201
2016-11-18,0.01041539,,0.76801539,5932cd3a0955aa02426f9f2793aee55fbd2432f9697194dc37dddbf3d5c864ee,439548,1,8
2016-11-18,0.08,,0.84801539,fb9787869c321813ba2175486c03ae0f7c474067b7abe9e09ff1dd7fc94c3d93,439552,2,1
2016-11-18,,0.08,0.76801539,28c120d300bf27d3e99d04aca5372d5cf6f3dd75121dd5cf820bc16f785a5be5,439561,1,201
2016-11-19,,0.01041539,0.7576,79537fdd18b0a264c95f7bd49156704771a5c5d4772da77864b6cd78f99559db,439578,1,201
2016-11-20,0.2050271,,0.9626271,3197ac4ed1b2278c51210f71e15523286f60ae8f9583f798c6b7d8e112bea4c6,439832,1,1
2016-11-21,,0.2050271,0.7576,bad3dfa5c2520e4cc180a2358cc27df0bad3e6edc6bd00d17cfe64c16d575815,439887,1,201
2016-12-09,0.1148,,0.8724,c717f0f5d832ba1f4c80867064df1e2a4a6ddb0fa018f96a160a32dfdf1ecfb8,442592,2,1
2016-12-09,,0.1148,0.7576,e2387211c48a01748e7a8ecbba12ab433d41046ef0bc260e2648c52e745e43a8,442625,1,101
2017-03-06,0.0018,,0.7594,97d81f39b379dc8ffaec90661b31645798f9d93597c9e12d2bf1c492190e7a7f,455978,2,4
2017-03-06,,0.0018,0.7576,74724fed125a408c9307af592fbd54763bd7cc34d18dc8f1232e60054b45186b,455984,1,101
2017-03-25,0.5273,,1.2849,4bf364cd48bfbf5d3307646431f6435c186df21a28916cf5e949505c5a23272e,458862,9,4
2017-03-25,,0.5273,0.7576,13db7d6bbf2a13c35ee63005f61ccdea541d434825b69d875261216334b6c8f2,458867,1,101
2017-03-26,0.23,,0.9876,21e63c43ac6e98f228f4603c3a0d5042858bd4a48c7d1d318be01c215855545a,459062,2,4
2017-03-26,,0.23,0.7576,59887f43e035beff62636eff20dda9299c657b4661a4c8511d3150b3d80b9a57,459067,1,101
2017-04-24,0.09,,0.8476,e55f5faaaba806c33b0ec23282377a43bbc2a8915f00df05afe2c27bb60d930f,463332,16,12
2017-04-24,,0.09,0.7576,392b8baf7c76c2f017a4032b72d69041e7524d1363168ec0058daf9d2fcdb1bf,463340,1,101
2017-04-24,0.0998,,0.8574,2b10e91f5e093dd11a0e8f79429b3ea4fa65ebe3c366979d92c3b62e61e2694c,463340,2,1
2017-04-24,,0.0998,0.7576,c66c58aa895bf58c38018aefb207af321d03d8053f023db56c5ff2107aa3ea55,463342,1,101
2017-05-27,0.0898,,0.8474,64148f366b09463aab7d70d864de8a2a808de8e3a6a0c45e3585fe262819f6a9,468372,2,1
2017-05-31,0.285,,1.1324,23d39dd0ca99dec654b8dd5535f58c37fbe89c943bfa67ac33d4bb034ea5e408,469083,2,5
2017-06-01,,0.0898,1.0426,99fd36a0cf755a3930fb9cd19ec3cbb4d9883e4e990f6e93f5272ab208a48bb5,469187,23,103
2017-06-02,,0.285,0.7576,9900fd773a1a679582bd37d8fd0aa6a4db77440a7a2a836a888862b0ea7d0984,469282,26,101
2017-06-02,0.4258,,1.1834,eb0d489683e7efd43735ab1e4500c1522f42267f226eb5ed8b58799ac784867e,469359,2,1
2017-06-02,,0.4258,0.7576,4fb5baca7a473449c4e4c28703217b348c00c538e704baeb787b776e6968f3a7,469364,23,101
2017-06-05,0.2798,,1.0374,1fdf811e5dfbd7c6e74307451ef3a7624ce7e4df79b816508af3799f27f486ca,469859,2,1
2017-06-05,,0.2798,0.7576,b409bea2dda4d3a0970a554a0c9fa40e401197a73420b2f432db5c7efc1c43c1,469862,26,101
2017-06-18,0.1198,,0.8774,255a53f41341bc14f377fc3f81fb36f84a1ea22d62bc68b77e05d0b192224101,471742,2,1
2017-06-18,,0.1198,0.7576,3fcad7128f619648db2d63e8cdda3591998b7adafb2ea0d0b0982e6daef56c4c,471744,23,104
